

bg white

set all_states, on
dss

set cartoon_oval_length, 0.5
set cartoon_oval_width, 0.2

set cartoon_rect_length, 1.0

run spectrum_states.py
spectrum_states *, cartoon, blue lime
spectrum_states *, ribbon, blue lime

as ribbon

set ray_trace_mode, 1

# --------

# global view
set_view (\
    -0.138019398,    0.239327729,   -0.961073279,\
    -0.964869499,   -0.251474261,    0.075939372,\
    -0.223517105,    0.937801421,    0.265626520,\
     0.000030056,    0.000067323, -224.387313843,\
     9.385807991,    3.316119194,    0.491785526,\
    91.193588257,  357.505157471,  -20.000000000 )
ray 2048, 2048
save global_view.png


# top helix
set_view (\
    -0.300692856,    0.327953279,   -0.895554900,\
    -0.879244268,   -0.459078610,    0.127098575,\
    -0.369456083,    0.825638771,    0.426393449,\
    -0.000258185,   -0.000389677, -104.567230225,\
    16.506042480,  -14.198637009,   19.852066040,\
   -28.604759216,  237.706832886,  -20.000000000 )
ray 2048, 2048
save top_helix.png


# dimerization domain
set_view (\
    -0.861424387,   -0.407292366,   -0.303397059,\
    -0.232228935,   -0.215387821,    0.948501825,\
    -0.451674521,    0.887526751,    0.090957932,\
     0.000093274,    0.000354324,  -84.233612061,\
     7.591794014,   18.058338165,  -11.481731415,\
    64.565841675,  103.785720825,  -20.000000000 )
ray 2048, 2048
save dimerization_domain.png


# top sheet
set_view (\
    -0.584562421,    0.067625307,   -0.808517873,\
    -0.495482415,   -0.818851769,    0.289745450,\
    -0.642475486,    0.569988728,    0.512180328,\
    -0.000145111,   -0.000531062,  -55.797611237,\
    -0.617475808,  -16.989553452,   23.949565887,\
    34.791633606,   76.595855713,  -20.000000000 )
ray 2048, 2048
save top_sheet.png
